2019/10/4 20:40:00 2300 121 471 19 34 27.3 48.2
2019/10/4 20:40:01 2300 121 471 19 34 27.3 48.2
2019/10/4 20:40:02 2301 120 472 18 34 27.3 48.2
2019/10/4 20:40:02 2302 119 473 17 34 27.3 48.2
2019/10/4 21:42:45 2300 121 471 19 34 27.3 48.2
2019/10/4 21:42:48 2300 121 471 19 34 27.3 48.2
2019/10/4 21:42:48 2301 120 472 18 34 27.3 48.2
2019/10/4 21:42:49 2302 119 473 17 34 27.3 48.2
2019/10/4 21:45:53 2300 121 471 19 34 27.3 48.2
2019/10/4 21:45:54 2300 121 471 19 34 27.3 48.2
2019/10/4 21:45:55 2301 120 472 18 34 27.3 48.2
2019/10/4 21:45:55 2302 119 473 17 34 27.3 48.2
2019/10/5 12:41:58 2300 121 471 19 34 27.3 48.2
2019/10/5 12:41:59 2300 121 471 19 34 27.3 48.2
2019/10/5 12:42:00 2301 120 472 18 34 27.3 48.2
2019/10/5 12:42:00 2302 119 473 17 34 27.3 48.2
2019/10/5 15:45:57 2300 121 471 19 34 27.3 48.2
2019/10/5 15:45:58 2300 121 471 19 34 27.3 48.2
2019/10/5 15:45:59 2301 120 472 18 34 27.3 48.2
2019/10/5 15:45:59 2302 119 473 17 34 27.3 48.2
2019/10/5 19:26:23 2300 121 471 19 34 27.3 48.2
2019/10/5 19:26:24 2300 121 471 19 34 27.3 48.2
2019/10/5 19:26:25 2301 120 472 18 34 27.3 48.2
2019/10/5 19:26:25 2302 119 473 17 34 27.3 48.2
2019/10/5 19:46:00 2300 121 471 19 34 27.3 48.2
2019/10/5 19:46:01 2301 120 472 18 34 27.3 48.2
2019/10/5 19:46:02 2302 119 473 17 34 27.3 48.2
2019/10/5 19:46:02 2300 121 471 19 34 27.3 48.2
2019/10/5 19:46:03 2300 121 471 19 34 27.3 48.2
2019/10/5 19:46:05 2300 121 471 19 34 27.3 48.2
2019/10/5 19:46:05 2301 120 472 18 34 27.3 48.2
2019/10/5 19:46:05 2302 119 473 17 34 27.3 48.2
2019/10/5 19:46:07 2300 121 471 19 34 27.3 48.2
2019/10/5 19:46:08 2300 121 471 19 34 27.3 48.2
2019/10/5 19:46:08 2301 120 472 18 34 27.3 48.2
2019/10/5 19:46:08 2302 119 473 17 34 27.3 48.2
